350
0
-0.23570275443420505
0.02857142857142857
-0.2882317254346308
0.05714285714285714
-0.458035936282924
0.08571428571428572
-0.44248225220948717
0.11428571428571428
0.022239020631682718
0.14285714285714285
-0.5831918995872531
0.17142857142857143
0.14623193480730068
0.2
-0.1465730071267466
0.2285714285714286
-0.5252002292794116
0.2571428571428572
-0.42800420805343065
0.28571428571428575
0.12264478753245531
0.31428571428571433
0.38788774623764977
0.3428571428571429
-0.03157642956920781
0.3714285714285715
0.1741926391426652
0.4000000000000001
0.5896269245986301
0.42857142857142866
0.34112210742573246
0.45714285714285724
0.20089915536560826
0.4857142857142858
-0.12790800451844364
0.5142857142857143
0.7993643028497971
0.5428571428571429
1.085601853226105
0.5714285714285715
0.4116962036562283
0.6000000000000001
1.1480083871237259
0.6285714285714287
0.4957715398312626
0.6571428571428573
0.2519538706403335
0.6857142857142858
0.3029523689994569
0.7142857142857144
0.6949927764966118
0.742857142857143
0.09717678837796984
0.7714285714285716
1.0167403923130303
0.8000000000000002
0.19510956474937635
0.8285714285714287
1.139904113005516
0.8571428571428573
1.064246460593169
0.8857142857142859
0.11258182514333448
0.9142857142857145
0.19008350119782047
0.9428571428571431
1.8043044850523189
0.9714285714285716
0.6237294213662345
1.0000000000000002
0.5193342051519736
1.0285714285714287
0.2581498934213955
1.0571428571428572
1.9377105274240285
1.0857142857142856
1.071443374172656
1.114285714285714
0.5504497244591009
1.1428571428571426
1.264987049871511
1.171428571428571
1.1026454098258365
1.1999999999999995
1.2803123076859664
1.228571428571428
1.7847224115863003
1.2571428571428565
0.6814562686321106
1.285714285714285
1.0010310921528727
1.3142857142857134
0.5879237432916679
1.3428571428571419
0.9580821646644571
1.3714285714285703
0.9441828085106625
1.3999999999999988
1.1398669577647824
1.4285714285714273
0.479840050477238
1.4571428571428557
1.0823213188334209
1.4857142857142842
1.073161003199121
1.5142857142857127
1.3635348620874452
1.5428571428571412
0.6740894585371391
1.5714285714285696
0.3929813414009804
1.599999999999998
1.023189691014215
1.6285714285714266
1.1003381681443365
1.657142857142855
0.8744242552006294
1.6857142857142835
1.0086760736397051
1.714285714285712
0.6759793713202993
1.7428571428571404
0.8756208005701908
1.771428571428569
1.5287890629681957
1.7999999999999974
1.1745158912062923
1.8285714285714258
0.794270305492683
1.8571428571428543
1.2260263458372855
1.8857142857142828
0.838878068618486
1.9142857142857113
1.3681150134714253
1.9428571428571397
0.8659824029957421
1.9714285714285682
1.226801697444754
1.9999999999999967
1.820806755814267
2.0285714285714254
1.3617506228104803
2.057142857142854
0.46949247002244476
2.0857142857142823
1.4277064470159262
2.1142857142857108
1.1628706536902884
2.1428571428571392
0.6698936478737263
2.1714285714285677
0.6039581507749886
2.199999999999996
1.0722894200261597
2.2285714285714247
1.0055580989749033
2.257142857142853
0.04054351971551062
2.2857142857142816
1.2864032843334936
2.31428571428571
0.6985501664294197
2.3428571428571385
-0.08418489006093277
2.371428571428567
0.22820753745315092
2.3999999999999955
0.9426776188598145
2.428571428571424
0.898692642141541
2.4571428571428524
0.7579052824480254
2.485714285714281
0.9706624147665739
2.5142857142857093
0.9424712710660939
2.542857142857138
0.3685008437908499
2.5714285714285663
0.9087515324052282
2.5999999999999948
0.3072441490897514
2.6285714285714232
0.5050526127523226
2.6571428571428517
0.1330403252364577
2.68571428571428
1.3006960839275437
2.7142857142857086
0.14635140792435952
2.742857142857137
0.13832895483193894
2.7714285714285656
0.45050494255677526
2.799999999999994
0.09550953002316825
2.8285714285714225
0.09985142675117478
2.857142857142851
-0.22749873355074945
2.8857142857142795
0.15366580867612822
2.914285714285708
0.8485651406047077
2.9428571428571364
0.5083638698455308
2.971428571428565
-0.7795426782774967
2.9999999999999933
0.45139994956102447
3.028571428571422
-0.33582351751954326
3.0571428571428503
1.5329982516838578
3.0857142857142787
-0.48307677787999487
3.114285714285707
0.9596144223699642
3.1428571428571357
0.22834759223892304
3.171428571428564
0.6404715812158367
3.1999999999999926
0.6180994883308518
3.228571428571421
0.15356748247642582
3.2571428571428496
0.2474803939291585
3.285714285714278
-0.5780294626935364
3.3142857142857065
0.1002101368331566
3.342857142857135
-0.067894049774685
3.3714285714285634
-0.15122958689710508
3.399999999999992
0.34515137027590975
3.4285714285714204
-0.8489409399196797
3.457142857142849
0.029173309249988733
3.4857142857142773
-1.1057889644272567
3.514285714285706
0.27158191661358433
3.5428571428571343
-0.7122054575953444
3.5714285714285627
-1.2568607141997379
3.599999999999991
-0.3100386714989687
3.6285714285714197
-0.7066906119401214
3.657142857142848
-0.07532411295567937
3.6857142857142766
-0.975710774721334
3.714285714285705
-1.1053215401808894
3.7428571428571336
-0.7718503155330785
3.771428571428562
-0.3002906080044357
3.7999999999999905
-0.8066189226154912
3.828571428571419
-0.4048958857691687
3.8571428571428474
-0.4785002219301964
3.885714285714276
-0.264410083489121
3.9142857142857044
-1.2928323512216893
3.942857142857133
-0.9949291766836024
3.9714285714285613
-0.40190020012380157
3.99999999999999
-1.1355843974921094
4.028571428571419
-0.9669138762105864
4.057142857142847
-1.5093345728836505
4.085714285714276
-1.5246314197907285
4.114285714285704
-0.39649654672208823
4.142857142857133
-0.31811626036642193
4.171428571428561
-0.008718652313084108
4.1999999999999895
-0.5411651096438839
4.228571428571418
-1.1851884203395602
4.2571428571428465
-1.8401427512866664
4.285714285714275
-0.17675726755907306
4.314285714285703
-0.8731335477154157
4.342857142857132
-0.24676182639827404
4.37142857142856
-0.5178181487104286
4.399999999999989
-1.848712175068719
4.428571428571417
-0.5803718808283316
4.457142857142846
-1.5348062467902248
4.485714285714274
-0.6127651001423242
4.514285714285703
-0.9727217108353599
4.542857142857131
-1.761158513161274
4.57142857142856
-1.2807791099398829
4.599999999999988
-0.4807357787085702
4.628571428571417
-1.1159767439837158
4.657142857142845
-0.22065366530335884
4.6857142857142735
-0.5635954395296212
4.714285714285702
-0.7899464837600182
4.7428571428571304
-1.340703074309264
4.771428571428559
-0.8147129198359064
4.799999999999987
-1.3643846301027904
4.828571428571416
-0.9147636540207549
4.857142857142844
-1.3959273513137647
4.885714285714273
-1.523888467520846
4.914285714285701
-1.527185049335133
4.94285714285713
-1.185299299929086
4.971428571428558
-0.8916384361271041
4.999999999999987
-1.230772916606277
5.028571428571415
-0.9135259307042496
5.057142857142844
-0.4327477144623515
5.085714285714272
0.4606838254072493
5.114285714285701
0.2698082776837466
5.142857142857129
-0.21947966689197607
5.1714285714285575
-0.9454728061129891
5.199999999999986
-0.8768246311681144
5.228571428571414
-0.8984865128910602
5.257142857142843
-1.4802150888486845
5.285714285714271
-0.7222677975730323
5.3142857142857
-0.43081269898178404
5.342857142857128
-1.2801426499744595
5.371428571428557
-1.0832961827707055
5.399999999999985
-1.615193045690333
5.428571428571414
-0.8643399920286701
5.457142857142842
-1.1057679070512416
5.485714285714271
-0.30664771453363054
5.514285714285699
-0.7732602879739197
5.542857142857128
-0.5659245621102436
5.571428571428556
-1.3774417669290833
5.5999999999999845
-1.250975739412115
5.628571428571413
-0.7495686949100373
5.6571428571428415
0.11765192122265145
5.68571428571427
-0.8621207732535147
5.714285714285698
-0.019020116206993842
5.742857142857127
-0.1090076313583308
5.771428571428555
-1.2163121180775076
5.799999999999984
-0.611067930544503
5.828571428571412
0.20693990116816918
5.857142857142841
-0.3327109528906208
5.885714285714269
-0.3021739538050913
5.914285714285698
-0.7207581230000243
5.942857142857126
-0.4182199554664945
5.971428571428555
-0.5058813485478703
5.999999999999983
-1.211890547260817
6.028571428571412
0.13019385955338608
6.05714285714284
-1.2730164570829285
6.0857142857142685
-0.002060379592189049
6.114285714285697
0.4222211389179082
6.1428571428571255
-0.13180236539545676
6.171428571428554
0.1610792127158896
6.199999999999982
-0.0480831704910559
6.228571428571411
-0.03294501275548298
6.257142857142839
-0.08265566380105684
6.285714285714268
-0.2765291468809769
6.314285714285696
-0.205762576749819
6.342857142857125
-0.2854111107463651
6.371428571428553
-0.5235164279129083
6.399999999999982
0.0968512537281623
6.42857142857141
0.49368097678707656
6.457142857142839
0.532572997575047
6.485714285714267
0.1710464128321092
6.514285714285696
0.20499177211544597
6.542857142857124
0.1868286751086296
6.5714285714285525
0.8321519928722632
6.599999999999981
0.6088376304275657
6.6285714285714095
0.589979077827331
6.657142857142838
0.6989147060109078
6.685714285714266
0.8091448105744466
6.714285714285695
0.4335698926492983
6.742857142857123
0.016830180876825307
6.771428571428552
0.1754675460402057
6.79999999999998
0.9194057564123936
6.828571428571409
0.39392299127584895
6.857142857142837
1.1827597137295753
6.885714285714266
-0.11471121848005605
6.914285714285694
1.1551741047949537
6.942857142857123
0.3478760916609295
6.971428571428551
1.1849946384674133
6.99999999999998
0.3380489985440187
7.028571428571408
1.494591884064886
7.0571428571428365
1.158530753790274
7.085714285714265
1.0918632332445355
7.1142857142856935
0.6140550315506491
7.142857142857122
0.5016688072039228
7.17142857142855
0.5793937018056822
7.199999999999979
1.252147406215678
7.228571428571407
1.0932243567528115
7.257142857142836
1.054405469564046
7.285714285714264
0.5482773356571911
7.314285714285693
1.2917543247307317
7.342857142857121
1.1317199812275058
7.37142857142855
1.1563966018089484
7.399999999999978
0.43144341200413894
7.428571428571407
0.9790811955528068
7.457142857142835
1.2709826936133364
7.485714285714264
0.8808991460297845
7.514285714285692
1.3974284612775545
7.5428571428571205
0.7137473070528784
7.571428571428549
1.2361971560800682
7.599999999999977
1.1655744316330772
7.628571428571406
1.503081728794566
7.657142857142834
0.11100801974642949
7.685714285714263
1.1157747716749746
7.714285714285691
0.3426816164912929
7.74285714285712
0.8373792327209539
7.771428571428548
0.8357281037175014
7.799999999999977
1.5550155176177285
7.828571428571405
1.0314710133837985
7.857142857142834
1.3340123193740778
7.885714285714262
1.7879018427789692
7.914285714285691
0.8949152521411239
7.942857142857119
0.7429206347598329
7.9714285714285475
0.5736604302857744
7.999999999999976
1.278069614547682
8.028571428571405
1.1274075541968194
8.057142857142834
1.5172491855223358
8.085714285714262
0.7921115153441711
8.11428571428569
0.5783940965356964
8.14285714285712
0.9463176769257893
8.171428571428548
0.688051403020635
8.199999999999976
1.4585598995498108
8.228571428571405
1.3291382826783587
8.257142857142833
1.1205775926451254
8.285714285714262
1.2244519362350776
8.31428571428569
0.7423720368728024
8.342857142857119
1.7723194702718221
8.371428571428547
0.8417795232250702
8.399999999999975
0.5744596401521969
8.428571428571404
-0.5678801908051389
8.457142857142832
0.6720931003342828
8.485714285714261
0.24513941057465072
8.51428571428569
0.46637029378748773
8.542857142857118
-0.32901013076577823
8.571428571428546
0.028293629849506785
8.599999999999975
-0.22240156878426964
8.628571428571403
0.7210121332678845
8.657142857142832
1.0359818867653123
8.68571428571426
0.5844229654823918
8.714285714285689
-0.0798370151929173
8.742857142857117
-0.23788645571387468
8.771428571428546
0.49440245624640805
8.799999999999974
0.4847862308466773
8.828571428571403
0.7158079095376797
8.857142857142831
0.6389601480126488
8.88571428571426
-0.33599130848848113
8.914285714285688
1.8651038487653135
8.942857142857116
0.5890052939786017
8.971428571428545
1.1240185834923808
8.999999999999973
-0.0034915892626359857
9.028571428571402
0.3641475842652407
9.05714285714283
0.5907926510365311
9.085714285714259
0.9242889594512691
9.114285714285687
0.8346144330452221
9.142857142857116
0.1870679099925643
9.171428571428544
-0.9955102342022688
9.199999999999973
-0.44475448517298377
9.228571428571401
0.11057053178994967
9.25714285714283
-0.7973930892795633
9.285714285714258
-0.4579456246775381
9.314285714285687
0.9305339629881487
9.342857142857115
0.6134957208519041
9.371428571428543
-0.41029904887109714
9.399999999999972
0.04906761348325185
9.4285714285714
0.6019000954322686
9.457142857142829
-0.9352709035684423
9.485714285714257
0.46440950977785583
9.514285714285686
-0.11092696316062342
9.542857142857114
0.0002652589382904219
9.571428571428543
-0.3726553849982411
9.599999999999971
-0.09588836094084531
9.6285714285714
-0.36373639252608836
9.657142857142828
-0.1810012936661074
9.685714285714257
0.24595906786747085
9.714285714285685
-0.527021503496101
9.742857142857114
-0.41514549881533136
9.771428571428542
-0.00015430312318231998
9.79999999999997
-0.42546576850487156
9.828571428571399
-0.7007548547077702
9.857142857142827
-0.0818760967369278
9.885714285714256
-0.1967002609294683
9.914285714285684
-1.0127900438348845
9.942857142857113
-0.5251953194409827
9.971428571428541
-1.0494099270814494
